            Impressions  Clicks  Signed_In
Age Gender                                
0   0            685483   19480          0
7   0                20       3          4
    1                 6       0          1
8   0                19       0          3
    1                75       4         12
9   0                91       2         16
    1               174       3         32
10  0               167       4         32
    1               377      15         81
11  0               457      12         93
    1               985      24        190
12  0               951      30        200
    1              1912      62        386
13  0              1646      48        330
    1              3644     110        729
14  0              2655      70        532
    1              5996     160       1186
15  0              4220     150        850
    1              8660     242       1755
16  0              5160     167       1050
    1             12021     355       2393
17  0              6414     197       1248
    1             13589     407       2705
18  0             12683     205       2532
    1             14318     253       2892
19  0             15278     137       3010
    1             17371     175       3499
20  0             14703     146       2963
    1             16792     148       3374
21  0             15126     147       2990
    1             17159     167       3394
22  0             14957     143       3004
    1             17012     171       3390
23  0             15131     161       3015
    1             17428     168       3473
24  0              7179      63       1459
    1              8448      83       1699
25  0              7433      64       1516
    1              8934      82       1744
26  0             15177     148       3024
    1             16953     174       3381
27  0             15494     148       3100
    1             17146     185       3451
28  0             15066     153       2978
    1             16417     152       3381
29  0             14718     154       2943
    1             16854     149       3436
30  0             15434     166       3086
    1             17687     204       3531
31  0             14866     145       2968
    1             17359     197       3471
32  0             15252     162       3043
    1             17052     178       3400
33  0             15063     156       3014
    1             17157     161       3417
34  0              7789      92       1544
    1              8660      67       1746
35  0              9273      91       1849
    1             10515     107       2083
36  0             18744     188       3746
    1             20867     196       4187
37  0             18713     213       3713
    1             21501     211       4270
38  0             18148     189       3643
    1             21297     243       4248
39  0             18492     168       3635
    1             20961     223       4169
40  0             18046     182       3590
    1             20905     196       4112
41  0             18538     189       3709
    1             21273     226       4197
42  0             18653     196       3743
    1             21005     229       4176
43  0             18452     174       3692
    1             20366     225       4092
44  0              9265     117       1864
    1             10810      99       2142
45  0              8692      86       1716
    1              9680     114       1929
46  0             16832     202       3361
    1             19168     152       3841
47  0             16888     172       3376
    1             18815     181       3694
48  0             17137     193       3395
    1             19155     197       3882
49  0             16436     156       3303
    1             18714     171       3751
50  0             16717     166       3342
    1             18416     190       3640
51  0             16634     150       3319
    1             19295     194       3828
52  0             17180     175       3441
    1             18566     194       3724
53  0             16782     166       3381
    1             19330     210       3850
54  0              8352      76       1647
    1              9320      87       1868
55  0              5717     109       1143
    1              6843     126       1359
56  0             11453     211       2324
    1             13687     295       2710
57  0             11735     230       2330
    1             13476     275       2684
58  0             11036     246       2190
    1             13752     240       2726
59  0             11305     222       2251
    1             13265     271       2649
60  0             11594     242       2322
    1             12842     256       2558
61  0             11557     236       2319
    1             13569     271       2693
62  0             11827     237       2348
    1             13360     282       2658
63  0             11935     236       2336
    1             12926     287       2614
64  0              6061     136       1187
    1              6748     148       1337
65  0              2482      63        490
    1              2918      82        577
66  0              7576     264       1537
    1              4165     132        818
67  0              7236     214       1444
    1              4026     110        806
68  0              7331     209       1457
    1              4168     141        842
69  0              6546     178       1277
    1              3745     109        738
70  0              6681     221       1308
    1              3638     111        725
71  0              6015     181       1203
    1              3270     103        657
72  0              5902     150       1168
    1              3200      87        652
73  0              5438     176       1095
    1              2936      86        586
74  0              4943     162        974
    1              2518      92        507
75  0              4838     158        964
    1              2506      78        509
76  0              4059     134        804
    1              2257      66        453
77  0              3592     106        736
    1              2173      57        425
78  0              3027      84        584
    1              1778      45        352
79  0              2763      98        549
    1              1421      51        276
80  0              2312      72        480
    1              1291      44        271
81  0              1952      57        388
    1              1105      32        230
82  0              1814      51        353
    1               978      37        195
83  0              1699      50        335
    1               735      25        148
84  0              1215      38        248
    1               600      16        121
85  0               887      12        183
    1               554      14        115
86  0               727      18        142
    1               409      13         86
87  0               700      15        137
    1               366       8         74
88  0               488      10         98
    1               290      10         57
89  0               397       6         80
    1               241       6         48
90  0               378      13         75
    1               161       7         31
91  0               219       4         47
    1               111       2         25
92  0               155       2         33
    1               167       7         33
93  0               138       7         28
    1                74       0         14
94  0               135       4         26
    1               106       8         23
95  0               107       3         22
    1                66       2         13
96  0                89       1         17
    1                55       0         10
97  0                33       1          7
    1                36       1          7
98  0                37       2          9
    1                24       0          6
99  0                29       1          5
    1                32       0          4
100 0                 2       0          1
    1                 8       1          3
101 0                 7       0          2
    1                 9       0          2
102 1                 9       0          2
103 0                 4       0          1
    1                 3       0          1
104 1                 6       1          1
107 1                 9       1          2
108 0                 3       0          1